260   0.242876
280   0.309169
300   0.324309
320   0.325981
340   0.322703
360   0.312088
380   0.296975
400   0.284102
450   0.262585
500   0.250955
550   0.244523
600   0.240894
650   0.238836
700   0.237688
750   0.23708
800   0.236795
850   0.236704
900   0.236731
950   0.236825
1000   0.236958
1100   0.236958
1200   0.236958
1300   0.236958
1400   0.236958
1500   0.236958
1600   0.236958
1700   0.236958
1800   0.236958
1900   0.236958
2000   0.236958
2100   0.236958
2200   0.236958
2300   0.236958
2400   0.236958
2500   0.236958
2600   0.236958
2700   0.236958
2800   0.236958
2900   0.236958
3000   0.236958
