260. 3338.24 
280. 2737.02
300. 2272.07
320. 1905.87
340. 1615.94
360. 1231.24
380. 987.014
400. 830.627
450. 581.382
500. 426.346
550. 320.755
600. 246.33
650. 192.362
700. 152.534
750. 122.978
800. 100.553
850. 83.2794
900. 69.8905
950. 59.2715
1000. 50.7888
1100 34.9727 
1200 24.4348 
1300 17.2353 
1400 12.2559 
1500 8.7748 
1600 6.31863 
1700 4.57174 
1800 3.32079 
1900 2.41977 
2000 1.76761 
2100 1.29363 
2200 0.948001 
2300 0.695277 
2400 0.510101 
2500 0.374207 
2600 0.274376 
2700 0.200998 
2800 0.147056 
2900 0.107415 
3000 0.0783041 
